kValue:12 numOfIterations:0
Key:775 
42101.0 66275.0 2907.0 7.555548000000008 0.333333 511.5557150000003 470.28189199999986 671.2222770000003 634.8497289999999 5018.333400000002 4024.99934 4493.444489999998 6536.55553 -2979.999562000002 -1574.6665129999983 4554.6665900000025 6541.55567 133.79493699999995 734.5228400000003 1938.0 
Key:1020 
2885.0 7733.0 441.0 0.0 0.666666 214.83338899999993 364.51185100000004 590.00001 1799.0532699999999 1587.0739599999997 1387.3331799999999 1943.6666999999998 1430.2228199999997 -599.22226 1069.7777699999997 -470.55556900000005 1949.5555 15.334420000000003 -107.67744000000002 209.0 
Key:200 
8333.0 9306.0 846.0 0.333333 1.5555539999999999 621.6668609999999 3568.5743979999997 331.16661999999997 1585.6737700000003 2128.6661700000004 1781.4439499999999 2848.9999999999995 1755.55566 -1041.6666209999999 2160.9999100000005 -1119.3331800000003 2855.5553999999997 45.913406999999985 -193.77985999999999 164.0 
Key:127 
14043.0 10267.0 693.0 0.0 1.2222209999999998 450.33335800000003 6192.445446199999 1127.7775600000004 12347.262029999996 3102.7035000000005 2699.3333199999997 3809.0000000000005 2799.7775799999986 -1210.11085 2118.8888999999995 -908.7779099999996 3811.7777000000006 24.931859000000006 -170.43755 289.0 
Key:329 
53278.0 32399.0 2619.0 0.0 1.7777759999999996 488.5000817000002 790.3987650000003 405.3332632000001 594.2813707999994 4983.000077999999 3857.0002569999992 7068.111304 4023.8884970000004 -3378.0005040000024 6255.332879999998 -2877.333724 7068.111304 168.94109600000004 -618.8621700000001 1041.0 
Key:1626 
24766.0 41065.0 2088.0 0.222222 3.1111080000000007 631.6666330000005 454.0542699999998 797.9999660000002 587.2310630000005 12445.407399999998 11061.110300000006 15445.6667 10829.444899999999 -4152.888499999999 9000.777800000002 -4847.8885 15445.6667 69.94895899999999 -472.9571300000002 1079.0 
Key:1515 
22119.0 8296.0 1296.0 1.2222209999999998 0.0 118.66671400000004 79.21757779999999 170.16666299999994 117.25589689999997 15291.189800000006 13385.999100000003 18147.7736 14339.779199999999 -5715.554900000003 8569.7778 -2854.222479999999 18147.7736 38.311644 -332.33479000000005 156.0 
Key:651 
22820.0 7727.0 1800.0 1.9999979999999995 0.111111 185.72220300000006 109.62508760000001 239.6111040000002 163.1238019999998 24677.0329 22767.558999999994 27598.889700000003 23664.66769999999 -5728.4445 8765.555100000001 -3037.111040000002 27598.889700000003 35.739186899999986 -456.85848999999996 216.0 
Key:658 
8199.0 11309.0 1233.0 3.666663000000002 0.333333 204.222199 203.91847699999988 275.7222049999998 290.61849300000006 2885.4071999999996 2817.444900000002 3685.888999999999 2152.889399999998 -203.8888439999999 2401.44478 -2197.5558699999997 3686.9999999999995 56.69341900000003 -220.10070000000002 6.0 
Key:328 
36263.0 50989.0 3672.0 1.5555539999999997 0.444444 288.72226250000006 289.7852377000003 359.44450949999987 348.6151105841055 1544.6296761000003 1388.8889299999996 2344.444390000001 900.5556580000001 -467.222137 2399.4446169999987 -1932.2221859999995 2442.777690000001 293.1361236000001 -688.3814329399992 637.0 
Key:1160 
36745.0 22557.0 2016.0 0.0 0.333333 382.9444542 423.97752859999986 342.6111154 330.85133779999984 7311.703690199998 6589.444076000002 8899.999620000002 6445.667208999999 -2166.7773789999997 4764.888550000001 -2598.1100549999996 8900.110730000002 50.24992399999999 -371.33047999999997 765.0 
Key:108 
16999.0 17171.0 1179.0 16.555538999999975 0.999999 276.16669200000007 241.73910699999996 290.05553899999984 244.11322599999994 4614.036640000001 4056.6666530000007 5788.11121 3997.3337999999994 -1672.1113729999995 3522.2221399999994 -1850.1114219999993 5818.77804 53.127801999999974 -250.09475999999998 430.0 
