kValue:12 numOfIterations:0
Key:775 
0.07444125857852328 1.4227673638254639 0.0 0.22562969021412202 -0.15195855950475 -0.1149512674053144 -0.09486279956809836 -0.09603957169305684 -0.10677451859210099 -0.5636888783251218 -0.5812298075109268 -0.6957180899030058 -0.38255698747131006 0.2991831042975117 -1.3432410039166305 1.9758309787086166 -0.5799007742663254 -0.05549446562689145 2.354018812977479 1.5 
Key:1020 
-0.9053418213952996 0.5985412955399319 0.0 -0.357047318611618 0.366982362121967 0.9229487774879048 0.038577671057916374 2.664253328586758 0.4842221643108606 -0.1221523981646958 -0.12870370085528704 -0.10389278764698967 -0.13635320354613803 0.03987846588026593 0.021635237521331285 -0.07664523014207501 -0.12468687031371567 -0.4991923057135373 -0.5401949963343815 0.6326530612244898 
Key:200 
-0.49718328851300064 -0.4248602429120223 0.0 -0.2687159635502688 0.4884489501307033 1.7490623229104758 0.7193706333672615 0.3043042761158834 0.14668969645854435 -0.3774406653599595 -0.39594910911887465 -0.31893366912231547 -0.42548941310519606 0.13895977320469197 0.08077189278099314 -0.27619492516170413 -0.34393778250006296 0.26963780612856253 -0.45216210757816083 -0.6276595744680851 
Key:127 
0.7878007694380487 0.1726135970245358 0.0 -0.35704731861161754 0.4605713725549268 1.465555986372269 1.6663129805211587 3.386178435476095 2.58696382533583 0.08497283874734834 0.0638030199691517 0.12132108089265457 0.060927824910565594 -0.26119083012531186 0.3122096296696122 -0.2670609653925392 0.10174520758782182 -0.4516893257983564 -0.5505353777183084 0.37662337662337664 
Key:329 
0.7975249274719783 -0.2102009825316987 0.0 -0.3570473186116194 0.05759188776971025 -0.07976994746843447 -0.06675714905515265 -0.2858795601770244 -0.10546964518488092 -0.5221077200559902 -0.5585915989396067 -0.45725490285435144 -0.5588431446395059 0.09348123717511343 0.004453241928690713 -0.1012851757663806 -0.48583608797501415 0.673182443127427 -0.4943538281066801 0.28865979381443296 
Key:1626 
-0.24902205519452753 0.9324113842310137 0.0 -0.3331876997157374 0.3589143439811963 0.307139258580478 -0.08368559679013794 0.28119893959850634 -0.09715375474304482 0.4347185919850211 0.424100304755459 0.5144596248239528 0.34472246942708185 -0.4498313669750125 0.8885924609453878 -1.0544590130871596 0.49959094843025026 -0.5493246716874262 -0.43735334497086387 0.8254310344827587 
Key:1515 
0.39333730530754435 -1.1450251199493535 0.0 -0.14562458450644475 -0.1945517004757881 -0.39649243807026235 -0.11506629635006853 -0.3443908485691577 -0.1263531841358073 1.811385445558204 1.7167686540974847 1.8805611810534428 1.7998288066159398 -2.3314367056703156 1.9472766505785701 -0.9613713181158194 1.8849704705418284 -0.7046346338250329 -0.6116394219178312 -0.9583333333333334 
Key:651 
-0.14825532225316176 -1.475208632767664 0.0 -0.10795289733861425 -0.17162239291971293 -0.3577511322438982 -0.11511082746135039 -0.3398629411542673 -0.12633036142055937 2.261927285143662 2.312827736734356 2.1555791779318008 2.3153165841556835 -1.3773671112125772 1.1457177122793818 -0.5600047070564709 2.16386942893187 -1.0873436189687864 -0.5963720947363104 -0.96 
Key:658 
-0.8920548117345531 -0.7111339840687231 0.0 0.3096287480557888 -0.0941313754126859 -0.14945076526431275 -0.09413850642128967 -0.11419175642408551 -0.10412439919927688 -0.4189417219886816 -0.34988010849426626 -0.39715896884137925 -0.5069485784676849 0.9673231080926542 -0.19829001185879097 -0.6340361506468886 -0.42470312289392786 -0.05726978553518255 -0.15771995960040036 -1.4781021897810218 
Key:328 
-0.4940168030521688 0.02706951638315707 0.0 -0.26207667869271817 -0.1495922738952474 -0.4396383982173191 -0.11149476435029507 -0.42770932509350745 -0.12566997732058574 -0.8715576191110753 -0.8397901188466129 -0.8833507697507963 -0.8784674990706934 0.9969479986107139 -0.7935501848637712 0.3448009876212463 -0.9123284905090735 1.2773938825926334 -0.20991082595923807 -0.7193627450980392 
Key:1160 
0.5364125195361231 -0.3952647807432664 0.0 -0.35704731861161915 -0.13313391237915867 -0.06832617258428006 -0.08512133104905183 -0.2480284411347933 -0.1150819017956711 -0.11554296407310864 -0.09718030688846757 -0.10238826629025313 -0.14771062829525866 0.2605762137438229 -0.007002715852594975 -0.24943150261895788 -0.12595013370463295 -0.8874221018082642 -0.1908273192932069 0.20758928571428573 
Key:108 
0.06648556087753114 0.13326661440234383 0.0 2.790965299681641 0.12050748731760905 0.07938372669509448 -0.08617894863609052 -0.058337850370434784 -0.108509576150849 -0.0479442012353037 -0.05293835087873829 -8.783317441310467E-5 -0.09988756451143156 -0.006333499381781394 0.27997029878500207 -0.46800059439298974 -0.016762387491148528 -0.0934777789361043 -0.35354238840203117 0.14122137404580154 
